Dr. Gilbert                        1 61785 0 1 0 0 0 1 0 1 0 1 1 0 1 0 1 1 0 1 0
 0 2 2 1 0 1 1 2 0 0 0 0 1 0 0 0 0 0 0 0 2 2 2 2 0 0 0 0 0 0 0 0 0 1 0 0 0 0 0 0
 0 2 0 0 0 0 2 1 0 0 0 0 0 0 0 0    -1.0 750.0  -1.0 -1.0 -1.000  20.93  -1.0   
  10.0  -1.0 7.40  90.0 -1.0 20.8 -1.000  300.0  5.0  -1.0 7.32 -1.0 -1.0 37.0  
    .0 25.0   -1.0 12.  5000.0   .0  -1.0  -1.0 -1.0  -1.0  72. -1.0 -1.00      
 -1.00 -1.00 -1.00 -1.00 -1.00  25. 1. 170.  60.0-1.00  -1.0 -1.0 -1.00   -1.0  
   .0  -1.0   -1.0 -1.000  250.0  -1. -1.0-1.000 -1.0 -1.00 -1.00  -1.0 .002    
  -1.00  -1.00    .00  -1.00 .0005                                              
    .25  -1.00  -1.00  -1.00  -1.00  -1.00  -1.00  -1.00  -1.00                 
Travis George                    900 61885 0 1 0 0 0 1 0 1 0 1 0 0 0 0 1 1-3 1 0
 0 2 2 0 0 1 1 2 0 0 0 0 1 1 0 0 0 0 0 0 1 1 1 1 0 0 0 0 0 0 0 0 0 1 0 0 0 0 0 0
 0 2 0 0 0 0 2 1 0 0 0 0 0 0 0 0    -1.0 736.0  -1.0 -1.0 -1.000  20.93  -1.0   
  10.0  -1.0 7.43  -1.0 -1.0 -1.0 -1.000 1070.0  8.2  -4.6 7.34 -1.0 -1.0 37.0  
    .0 -1.0   -1.0 19. 28200.0   .0  -1.0  -1.0 -1.0  -1.0  83. 15.0 -1.00      
 -1.00 -1.00 -1.00 -1.00 -1.00  58. 1. 173.  95.0-1.00  -1.0 -1.0 -1.00   -1.0  
 -1.0  -1.0   -1.0 -1.000  840.0  -1. -1.0-1.000 -1.0 -1.00 -1.00  -1.0 .002    
  -1.00  -1.00  -1.00  -1.00 .0005                                              
    .23  -1.00  -1.00  -1.00  -1.00  -1.00  -1.00  -1.00  -1.00                 
Travis, George                   700 7 985 0 1 0 0 0 1 0 1 0 0 0 0 0 0 1 1 0 1 0
 0 1 2 0 0 1 1 1 0 0 0 0 1 1 0 0 0 0 0 0 1 1 1 1 0 0 0 0 0 0 0 0 0 1 0 0 0 0 0 0
 0 2 0 0 0 0 2 1 0 0 0 0 0 0 0 0    -1.0 736.0  -1.0 -1.0 -1.000  20.93  -1.0   
  10.0  -1.0-1.00  -1.0 -1.0 -1.0 -1.000 1070.0  8.2  -1.0 7.00 -1.0 -1.0 37.0  
    .0 -1.0   -1.0 19. 28200.0   .0  -1.0  -1.0 -1.0  -1.0  83. 15.0 -1.00      
 -1.00 -1.00 -1.00 -1.00 -1.00  58. 1. 173.  95.0-1.00  -1.0 -1.0 -1.00   -1.0  
 -1.0  -1.0   -1.0 -1.000  840.0  -1. -1.0-1.000 -1.0 -1.00 -1.00  -1.0 .002    
  -1.00  -1.00  -1.00  -1.00 .0005                                              
    .23  -1.00  -1.00  -1.00  -1.00  -1.00  -1.00  -1.00  -1.00                 
Wormuth, David                   100 62185 0 1 0 0 0 1 0 1 0 0 0 0 0 0 1 1 0 1 0
 0 2 2 0 0 1 1 2 0 0 0 0 1 1 0 0 0 0 0 0 1 1 1 1 0 0 0 0 0 0 0 0 0 1 0 0 0 0 0 0
 0 2 0 0 0 0 2 1 0 0 0 0 0 0 0 0    -1.0 742.0  -1.0 -1.0 -1.000  20.93  -1.0   
  10.0  -1.0-1.00  -1.0 -1.0 -1.0 -1.000 2070.0 14.7  -1.0 7.00 -1.0 -1.0 37.0  
    .0 -1.0   -1.0 32. 57300.0   .0  -1.0  -1.0 -1.0  -1.0 130. 15.0 -1.00      
 -1.00 -1.00 -1.00 -1.00 -1.00  21. 1. 185.  83.0-1.00  -1.0 -1.0 -1.00   -1.0  
 -1.0  -1.0   -1.0 -1.000 1880.0  -1. -1.0-1.000 -1.0 -1.00 -1.00  -1.0 .002    
  -1.00  -1.00  -1.00  -1.00 .0005                                              
    .19  -1.00  -1.00  -1.00  -1.00  -1.00  -1.00  -1.00  -1.00                 
Demo                               2112685 0 1 0 0 0 2 0 1 0 0 0 0 1 0 1 1 0 2 0
 0 2 2 1 0 1 1 2 0 0 0 0 1 2 0 0 0 0 0 0 2 2 2 2 0 0 0 0 0 0 0 0 0 1 0 0 0 0 0 0
 0 2 0 0 0 0 2 1 0 0 0 0 2 0 0 0    -1.0 740.0  -1.0 -1.0 -1.000  20.93  -1.0   
  10.0  -1.0-1.00  -1.0 -1.0 20.1 -1.000  250.0  5.0  -1.0 7.00 -1.0 -1.0 37.0  
    .0 46.2   -1.0 12.  6000.0   .0  -1.0  -1.0 -1.0  -1.0  42. 15.0 -1.00      
 -1.00 -1.00 -1.00 -1.00 -1.00  25. 1. 170.  60.0-1.00  -1.0 -1.0 -1.00   -1.0  
 -1.0  -1.0   -1.0 -1.000  180.0  -1. -1.0-1.000 -1.0 -1.00 -1.00  -1.0 .002    
  -1.00  -1.00  -1.00  -1.00 .0005                                              
                                                                                
demo                               3112785 0 1 0 0 0 2 0 1 0 0 0 0 0 0 1 1 0 5 0
 0 2 2 0 1 1 0 2 0 0 0 0 1 2 0 0 0 0 0 0 2 2 2 2 0 0 0 0 0 0 0 0 0 1 0 0 0 0 0 0
 0 2 0 0 0 0 2 1 0 0 0 0 2 0 0 0    -1.0 747.0  -1.0 -1.0 -1.000  20.93  -1.0   
  12.0  -1.0-1.00  -1.0 -1.0 -1.0 -1.000  275.0  5.0  -1.0 7.29 -1.0 -1.0 37.0  
    .0 -1.0  500.0 12.    -1.0   .0  -1.0  -1.0 -1.0  -1.0  80. 15.0 -1.00      
 -1.00 -1.00 -1.00 -1.00 -1.00  25. 1. 170.  60.0-1.00  -1.0 -1.0 -1.00   -1.0  
 -1.0  -1.0   -1.0 -1.000  250.0  -1. -1.0-1.000 -1.0 -1.00 -1.00  -1.0 .002    
  -1.00  -1.00  -1.00  -1.00 .0005                                              
    .20  -1.00  -1.00  -1.00  -1.00 100.00  -1.00  -1.00  -1.00                 
                                -999                                            
                                                                                
                                                                                
                                                                                
                                                                                
                                                                                
                                                                                
                                                                                
                                                                                
                                -999                                            
                                                                                
                                                                                
                                                                                
                                                                                
                                                                                
                                                                                
                                                                                
                                                                                
                                -999                                            
                                                                                
                                                                                
                                                                                
                                                                                
                                                                                
                                                                                
                                                                                
                                                                                
                                -999                                            
                                                                                
                                                                                
                                                                                
                                                                                
                                                                                
                                                                                
                                                                                
                                                                                
                                -999                                            
                                                                                
                                                                                
                                                                                
                                                                                
                                                                                
                                                                                
                                                                                
                                                                                
                  
                                                      